0.000000000000000000e+00
2.595000000000000000e+02
2.437500000000000000e+02
2.435000000000000000e+02
0.000000000000000000e+00
1.867500000000000000e+02
1.857500000000000000e+02
1.872500000000000000e+02
1.905000000000000000e+02
1.917500000000000000e+02
0.000000000000000000e+00
2.195000000000000000e+02
2.130000000000000000e+02
1.987500000000000000e+02
1.835000000000000000e+02
1.830000000000000000e+02
1.827500000000000000e+02
0.000000000000000000e+00
0.000000000000000000e+00
0.000000000000000000e+00
0.000000000000000000e+00
2.065000000000000000e+02
0.000000000000000000e+00
4.410000000000000000e+02
0.000000000000000000e+00
4.362500000000000000e+02
4.390000000000000000e+02
4.367500000000000000e+02
4.417500000000000000e+02
4.492500000000000000e+02
4.512500000000000000e+02
4.675000000000000000e+02
4.362750000000000000e+03
4.373250000000000000e+03
4.371500000000000000e+03
4.357500000000000000e+03
4.355750000000000000e+03
4.371500000000000000e+03
0.000000000000000000e+00
0.000000000000000000e+00
4.691500000000000000e+03
4.703750000000000000e+03
4.396500000000000000e+03
4.394500000000000000e+03
0.000000000000000000e+00
0.000000000000000000e+00
0.000000000000000000e+00
0.000000000000000000e+00
0.000000000000000000e+00
4.637250000000000000e+03
6.597500000000000000e+02
0.000000000000000000e+00
0.000000000000000000e+00
0.000000000000000000e+00
0.000000000000000000e+00
0.000000000000000000e+00
0.000000000000000000e+00
4.895500000000000000e+03
0.000000000000000000e+00
0.000000000000000000e+00
3.852250000000000000e+03
0.000000000000000000e+00
3.085000000000000000e+02
0.000000000000000000e+00
3.015000000000000000e+02
3.345500000000000000e+03
3.315250000000000000e+03
3.047500000000000000e+02
3.322500000000000000e+03
3.360250000000000000e+03
3.400000000000000000e+03
3.447250000000000000e+03
3.477750000000000000e+03
3.476500000000000000e+03
3.528500000000000000e+03
0.000000000000000000e+00
5.165000000000000000e+02
4.707500000000000000e+02
4.695000000000000000e+02
4.577500000000000000e+02
4.450000000000000000e+02
4.312500000000000000e+02
4.312500000000000000e+02
0.000000000000000000e+00
0.000000000000000000e+00
0.000000000000000000e+00
0.000000000000000000e+00
0.000000000000000000e+00
3.030750000000000000e+03
2.751000000000000000e+03
0.000000000000000000e+00
0.000000000000000000e+00
0.000000000000000000e+00
0.000000000000000000e+00
0.000000000000000000e+00
0.000000000000000000e+00
2.673500000000000000e+03
2.657250000000000000e+03
2.646750000000000000e+03
2.186250000000000000e+03
0.000000000000000000e+00
1.161750000000000000e+03
0.000000000000000000e+00
1.108750000000000000e+03
1.087750000000000000e+03
1.081250000000000000e+03
1.064500000000000000e+03
1.052000000000000000e+03
1.043500000000000000e+03
1.036000000000000000e+03
1.032750000000000000e+03
1.027000000000000000e+03
1.021750000000000000e+03
1.020250000000000000e+03
1.019750000000000000e+03
1.022250000000000000e+03
1.022000000000000000e+03
1.021250000000000000e+03
1.021500000000000000e+03
1.028750000000000000e+03
1.034250000000000000e+03
1.046000000000000000e+03
1.049250000000000000e+03
1.057250000000000000e+03
1.069750000000000000e+03
1.077000000000000000e+03
1.200250000000000000e+03
1.218750000000000000e+03
0.000000000000000000e+00
2.136500000000000000e+03
2.136500000000000000e+03
2.133000000000000000e+03
2.137000000000000000e+03
2.134000000000000000e+03
2.135250000000000000e+03
2.140250000000000000e+03
2.141250000000000000e+03
2.145250000000000000e+03
2.144750000000000000e+03
2.155500000000000000e+03
2.161000000000000000e+03
2.161000000000000000e+03
2.168500000000000000e+03
2.169750000000000000e+03
2.173250000000000000e+03
2.053500000000000000e+03
1.960250000000000000e+03
0.000000000000000000e+00
0.000000000000000000e+00
0.000000000000000000e+00
0.000000000000000000e+00
0.000000000000000000e+00
0.000000000000000000e+00
0.000000000000000000e+00
0.000000000000000000e+00
0.000000000000000000e+00
0.000000000000000000e+00
0.000000000000000000e+00
2.137500000000000000e+02
2.157500000000000000e+02
2.135000000000000000e+02
2.135000000000000000e+02
2.135000000000000000e+02
2.135000000000000000e+02
2.127500000000000000e+02
2.135000000000000000e+02
2.115000000000000000e+02
2.130000000000000000e+02
0.000000000000000000e+00
0.000000000000000000e+00
0.000000000000000000e+00
0.000000000000000000e+00
0.000000000000000000e+00
0.000000000000000000e+00
0.000000000000000000e+00
0.000000000000000000e+00
0.000000000000000000e+00
0.000000000000000000e+00
2.566750000000000000e+03
0.000000000000000000e+00
2.629000000000000000e+03
0.000000000000000000e+00
0.000000000000000000e+00
0.000000000000000000e+00
0.000000000000000000e+00
2.993250000000000000e+03
0.000000000000000000e+00
3.067500000000000000e+03
3.176500000000000000e+03
3.272250000000000000e+03
0.000000000000000000e+00
3.492500000000000000e+03
0.000000000000000000e+00
3.798500000000000000e+03
3.916000000000000000e+03
3.916000000000000000e+03
3.893750000000000000e+03
3.637500000000000000e+03
0.000000000000000000e+00
3.852250000000000000e+03
3.826500000000000000e+03
3.802500000000000000e+03
3.774750000000000000e+03
3.771000000000000000e+03
0.000000000000000000e+00
3.731000000000000000e+03
3.727000000000000000e+03
3.724500000000000000e+03
3.704250000000000000e+03
3.689250000000000000e+03
3.691750000000000000e+03
3.684250000000000000e+03
3.686750000000000000e+03
3.659500000000000000e+03
3.649750000000000000e+03
0.000000000000000000e+00
3.686750000000000000e+03
3.670500000000000000e+03
3.670500000000000000e+03
3.680500000000000000e+03
4.864500000000000000e+03
0.000000000000000000e+00
0.000000000000000000e+00
0.000000000000000000e+00
5.142000000000000000e+03
6.401500000000000000e+03
1.639500000000000000e+03
1.641000000000000000e+03
0.000000000000000000e+00
0.000000000000000000e+00
0.000000000000000000e+00
3.834750000000000000e+03
0.000000000000000000e+00
3.852250000000000000e+03
3.855000000000000000e+03
0.000000000000000000e+00
0.000000000000000000e+00
5.455000000000000000e+02
0.000000000000000000e+00
0.000000000000000000e+00
0.000000000000000000e+00
0.000000000000000000e+00
5.527500000000000000e+02
2.685000000000000000e+02
2.700000000000000000e+02
0.000000000000000000e+00
0.000000000000000000e+00
0.000000000000000000e+00
0.000000000000000000e+00
0.000000000000000000e+00
0.000000000000000000e+00
4.755000000000000000e+02
4.562500000000000000e+02
4.572500000000000000e+02
4.595000000000000000e+02
3.835000000000000000e+02
3.745000000000000000e+02
3.735000000000000000e+02
3.750000000000000000e+02
3.807500000000000000e+02
3.785000000000000000e+02
3.987500000000000000e+02
4.035000000000000000e+02
4.045000000000000000e+02
4.127500000000000000e+02
4.040000000000000000e+02
4.032250000000000000e+03
0.000000000000000000e+00
0.000000000000000000e+00
8.107500000000000000e+02
0.000000000000000000e+00
8.125000000000000000e+02
8.312500000000000000e+02
0.000000000000000000e+00
0.000000000000000000e+00
9.125000000000000000e+02
0.000000000000000000e+00
9.275000000000000000e+02
7.762500000000000000e+02
7.767500000000000000e+02
0.000000000000000000e+00
3.686750000000000000e+03
3.670500000000000000e+03
3.663250000000000000e+03
9.240000000000000000e+02
9.180000000000000000e+02
9.052500000000000000e+02
0.000000000000000000e+00
8.940000000000000000e+02
8.892500000000000000e+02
8.805000000000000000e+02
8.740000000000000000e+02
9.155000000000000000e+02
9.650000000000000000e+02
1.024000000000000000e+03
1.041500000000000000e+03
1.095500000000000000e+03
0.000000000000000000e+00
9.927500000000000000e+02
9.915000000000000000e+02
0.000000000000000000e+00
5.470000000000000000e+02
5.200000000000000000e+02
5.225000000000000000e+02
5.245000000000000000e+02
0.000000000000000000e+00
5.285000000000000000e+02
5.305000000000000000e+02
5.292500000000000000e+02
5.305000000000000000e+02
5.330000000000000000e+02
5.340000000000000000e+02
5.375000000000000000e+02
5.425000000000000000e+02
5.477500000000000000e+02
5.610000000000000000e+02
5.785000000000000000e+02
5.907500000000000000e+02
6.105000000000000000e+02
6.300000000000000000e+02
6.355000000000000000e+02
6.545000000000000000e+02
6.737500000000000000e+02
6.872500000000000000e+02
6.977500000000000000e+02
7.092500000000000000e+02
7.127500000000000000e+02
7.255000000000000000e+02
7.542500000000000000e+02
7.650000000000000000e+02
7.745000000000000000e+02
8.070000000000000000e+02
0.000000000000000000e+00
0.000000000000000000e+00
0.000000000000000000e+00
0.000000000000000000e+00
0.000000000000000000e+00
7.515000000000000000e+02
7.497500000000000000e+02
6.587500000000000000e+02
6.345000000000000000e+02
6.207500000000000000e+02
0.000000000000000000e+00
6.105000000000000000e+02
6.017500000000000000e+02
5.920000000000000000e+02
5.795000000000000000e+02
5.692500000000000000e+02
5.665000000000000000e+02
5.685000000000000000e+02
5.715000000000000000e+02
5.745000000000000000e+02
5.737500000000000000e+02
5.747500000000000000e+02
5.747500000000000000e+02
5.760000000000000000e+02
5.815000000000000000e+02
5.905000000000000000e+02
0.000000000000000000e+00
0.000000000000000000e+00
